version https://git-lfs.github.com/spec/v1
oid sha256:f134b51ecdd8fe2b006fb3bad261634a58ee78aa3e6f45cdb0299786ecda32ec
size 25
