version https://git-lfs.github.com/spec/v1
oid sha256:2bb491e036814ece1eac29ac172cef71ef72a75287988d7674ebbb565bf83c4a
size 224
