version https://git-lfs.github.com/spec/v1
oid sha256:00e42a7b6898281de17f79b8a58b9e29199bf9bc922e1ef82a5d535815b94266
size 236
